#Seq2Logo.py -f /var/www/html/services/GibbsCluster-2.0/tmp/mhcI_3591970/cores/gibbs.2of3.core -o /var/www/html/services/GibbsCluster-2.0/tmp/mhcI_3591970/logos/gibbs_logos_2of3 -I 2 -p 640x640 --format PNG -b 200 -C 2 -t Group 2 of 3
Last position-specific scoring matrix computed, values are in halfbits
A R N D C Q E G H I L K M F P S T W Y V
1 R 1.133 2.819 -1.418 -2.589 -0.219 -0.102 -2.171 0.535 1.713 -1.182 -0.767 0.294 0.099 0.346 -3.803 0.982 -0.63 1.207 0.076 -1.731
2 P 0.239 -1.457 -3.708 -4.993 -5.946 1.699 -1.794 -4.719 -2.764 -2.768 -2.365 -5.056 0.462 -2.731 5.712 -0.517 -0.837 -7.317 1.505 1.299
3 A 2.636 1.196 -2.191 -1.354 0.316 -0.023 -2.441 -0.841 0.539 -2.126 -2.322 -0.764 2.127 0.502 0.008 1.144 -0.666 3.252 -0.969 -1.517
4 P 0.56 0.893 -1.662 0.29 1.57 0.558 -1.578 1.277 1.882 -4.186 -2.954 0.391 -6.356 -3.843 3.149 1.326 -0.569 0.88 -1.988 -3.438
5 R 0.204 2.019 -1.926 -0.461 0.844 -0.402 -1.203 -0.068 -0.234 1.125 -0.584 -1.181 -3.958 -2.561 1.504 -0.101 1.177 0.777 -3.525 0.266
6 S 1.702 0.235 -0.894 -0.374 0.971 1.327 -1.631 1.788 0.615 -3.697 -1.818 -1.189 -1.715 -1.635 1.282 2.028 -1.385 1.839 -2.175 -5.039
7 T -0.364 0.671 -0.152 -2.415 1.081 0.985 -1.417 -1.008 2.245 -2.75 -1.316 -0.323 -3.023 -1.605 2.144 0.883 1.823 0.069 -1.169 0.413
8 P 2.254 -2.26 -2.562 -1.557 0.902 0.084 -0.505 -1.925 0.854 -1.69 -1.8 -3.115 -6.064 -3.151 4.437 1.76 -0.366 -4.478 -4.975 -1.487
9 L -1.561 -1.205 -7.777 -8.127 -2.361 -7.247 -5.409 -6.891 -2.971 -1.014 4.436 -2.089 3.239 2.859 -6.426 -5.944 -4.628 0.617 0.396 1.678