#Seq2Logo.py -f /var/www/html/services/GibbsCluster-2.0/tmp/mhcI_3591970/cores/gibbs.2of2.core -o /var/www/html/services/GibbsCluster-2.0/tmp/mhcI_3591970/logos/gibbs_logos_2of2 -I 2 -p 640x640 --format PNG -b 200 -C 2 -t Group 2 of 2
Last position-specific scoring matrix computed, values are in halfbits
A R N D C Q E G H I L K M F P S T W Y V
1 S -0.577 1.795 -1.198 -2.461 1.029 -0.783 -1.093 -0.733 1.212 -0.065 -1.051 1.265 1.929 0.608 -5.958 1.501 -0.503 0.868 1.449 -0.834
2 T 0.102 -4.954 -4.001 -5.762 -3.017 1.278 -2.95 -4.514 -4.113 0.994 1.139 -7.004 -0.269 -3.076 -3.506 2.38 3.067 -2.824 0.545 2.062
3 Y 0.373 0.082 0.923 0.62 1.506 -0.871 -1.682 -0.434 2.002 0.408 -2.136 -1.503 2.016 2.312 -3.144 0.51 -3.704 0.589 3.305 -3.934
4 S -0.249 -0.748 0.35 0.539 2.056 -0.133 1.2 -0.747 0.778 -4.727 -3.216 1.073 -0.742 -1.547 0.182 1.68 1.231 -0.83 -0.08 -1.111
5 P 0.024 0.864 0.288 -0.065 2.306 0.99 -1.711 0.291 2.243 0.301 -1.081 -1.304 -1.687 -0.248 1.354 -1.464 -0.308 1.794 0.445 -0.909
6 S 0.126 1.024 0.189 -2.216 0.089 -0.193 -0.672 0.892 0.73 1.534 -2.995 -2.25 1.683 -0.259 -2.189 1.552 -1.223 0.867 0.603 0.164
7 L -0.524 -1.573 0.337 -0.373 0.806 -0.58 0.336 -1.945 1.46 0.417 1.342 -0.896 0.937 -1.158 -0.404 -0.004 0.681 1.794 -0.457 -0.529
8 P -1.113 -0.305 -2.013 -0.814 2.362 0.625 0.799 -0.057 0.772 -3.262 -0.797 -2.275 -1.203 0.653 2.364 0.7 0.951 -0.529 -0.052 -0.114
9 K -6.278 1.981 -7.119 -7.731 -3.459 -6.354 -6.888 -8.06 -2.305 -3.567 -5.419 5.377 -1.509 3.849 -8.599 -7.306 -6.36 -0.321 5.744 -5.726