#Seq2Logo.py -f /var/www/html/services/GibbsCluster-2.0/tmp/mhcI_3591970/cores/gibbs.4of4.core -o /var/www/html/services/GibbsCluster-2.0/tmp/mhcI_3591970/logos/gibbs_logos_4of4 -I 2 -p 640x640 --format PNG -b 200 -C 2 -t Group 4 of 4
Last position-specific scoring matrix computed, values are in halfbits
A R N D C Q E G H I L K M F P S T W Y V
1 S 1.285 2.229 -1.507 -3.355 -0.274 -0.717 -2.982 0.481 1.256 -0.794 0.128 -0.913 0.786 0.713 -3.975 1.44 -0.594 0.588 0.915 -1.639
2 P -0.036 -0.844 -4.452 -6.155 -2.569 1.427 -3.768 -5.07 -3.102 -2.972 1.373 -5.347 2.647 -3.566 5.607 -3.184 -1.844 -2.82 -0.666 0.661
3 A 2.279 1.943 -2.721 -1.416 0.147 -0.042 -1.717 -0.66 1.866 -0.952 -2.884 -1.398 1.683 -0.724 -1.072 1.201 0.495 2.163 -1.133 -0.966
4 P 1.426 0.668 -1.29 -0.631 1.073 -0.616 0.257 1.416 -0.497 -4.434 -2.723 0.16 -3.136 -5.106 3.504 0.475 -1.344 1.723 -1.311 -2.659
5 A 1.218 1.723 -3.409 -1.258 0.637 -0.386 -1.987 -1.506 0.244 1.054 -0.036 -1.037 -2.775 -2.197 0.185 0.923 1.362 -0.049 -1.965 0.313
6 S 0.471 -1.09 -1.736 -2.492 -0.279 1.317 -0.904 1.533 0.333 -3.673 -0.119 -1.149 -4.004 -0.766 2.107 2.104 -0.188 1.584 -3.949 -1.182
7 P 0.319 1.395 -0.1 -2.378 1.793 0.874 -1.195 -2.146 1.4 -2.968 -2.185 -0.734 -2.695 -2.363 3.103 1.103 0.539 -1.452 -1.11 0.644
8 P 2.041 -1.988 -2.97 -1.407 0.767 -0.421 0.436 -0.426 1.527 -3.896 -2.493 -2.77 -6.22 -2.8 4.695 1.562 -1.561 -3.084 -4.875 -2.164
9 L -0.859 -4.324 -7.879 -8.15 -2.018 -7.402 -5.782 -6.246 -3.016 0.361 4.616 -5.481 2.355 0.674 -6.307 -5.831 -3.516 -2.15 -2.363 3.188