#Seq2Logo.py -f /var/www/html/services/GibbsCluster-2.0/tmp/mhcI_3591970/cores/gibbs.2of4.core -o /var/www/html/services/GibbsCluster-2.0/tmp/mhcI_3591970/logos/gibbs_logos_2of4 -I 2 -p 640x640 --format PNG -b 200 -C 2 -t Group 2 of 4
Last position-specific scoring matrix computed, values are in halfbits
A R N D C Q E G H I L K M F P S T W Y V
1 K 0.719 2.362 -1.579 -3.759 0.326 -0.517 -2.961 0.064 1.041 -0.389 -1.267 2.288 0.298 -3.928 -4.596 1.632 0.616 -3.107 -1.961 -0.193
2 L -0.024 -3.904 -5.046 -5.723 -1.877 0.395 -6.536 -5.371 -6.168 1.915 2.086 -5.518 1.083 -1.103 -6.627 1.822 2.75 -3.407 -1.985 2.144
3 Y 0.789 -1.976 1.399 -3.105 1.222 1.426 -3.516 -1.179 2.211 -0.626 -0.519 -1.265 1.17 1.925 -3.038 0.453 -1.306 1.514 3.603 -2.204
4 S -0.759 0.351 0.174 0.908 2.821 -1.177 1.002 -2.085 0.672 -2.902 -1.883 1.047 0.134 -2.25 0.505 1.559 0.698 1.559 -2.414 -0.748
5 G -0.773 0.461 -0.075 -2.109 1.39 0.866 -3.116 1.104 2.234 0.166 -0.031 0.016 -0.692 0.837 -0.049 -0.401 -2.936 0.565 0.27 0.973
6 A 0.667 1.474 0.227 -1.898 0.186 0.4 0.132 0.273 0.817 0.873 -1.438 -1.547 1.352 -1.45 -0.681 0.627 -0.374 -0.205 -0.434 -0.387
7 L -1.018 -0.27 0.141 -0.844 -0.265 -1.225 -0.807 -2.35 1.722 0.621 0.66 0.082 0.556 1.177 0.389 0.874 0.406 0.594 -0.771 -0.633
8 L -0.944 0.179 -2.218 -1.453 1.808 1.756 1.112 -0.136 1.172 -1.965 0.981 -1.085 0.598 -0.265 1.49 -1.045 -0.29 0.056 0.527 -1.658
9 K -3.637 4.223 -5.18 -5.4 -6.732 -3.888 -4.779 -6.334 -1.05 -4.241 -5.832 6.72 -2.14 -5.817 -6.769 -5.832 -5.145 -2.836 -5.312 -6.618