#Seq2Logo.py -f /var/www/html/services/GibbsCluster-2.0/tmp/mhcI_3591970/cores/gibbs.1of1.core -o /var/www/html/services/GibbsCluster-2.0/tmp/mhcI_3591970/logos/gibbs_logos_1of1 -I 2 -p 640x640 --format PNG -b 200 -C 2 -t Group 1 of 1
Last position-specific scoring matrix computed, values are in halfbits
A R N D C Q E G H I L K M F P S T W Y V
1 S 0.359 1.701 -1.878 -5.319 0.853 -0.951 -3.397 -0.837 0.701 -0.255 -0.949 0.976 0.268 2.575 -7.484 1.165 -0.632 1.71 2.66 -0.835
2 L -3.948 -6.587 -6.255 -7.976 -4.5 0.735 -4.338 -7.094 -3.568 0.473 3.987 -7.833 3.45 -5.39 1.984 -0.613 1.223 -3.382 -0.732 0.741
3 A 1.08 -1.306 0.402 1.175 1.347 0.944 -3.884 -0.706 1.236 -0.197 -1.267 -3.787 1.828 2.067 -2.438 0.955 -2.187 3.28 2.354 -3.333
4 E -1.303 -0.223 -0.362 1.403 2.318 0.599 2.271 0.33 1.603 -6.792 -6.542 0.695 -1.521 -2.564 1.576 0.933 1.219 0.857 -2.994 -4.508
5 G 0.769 0.677 -0.217 -0.224 2.402 0.291 0.5 1.054 1.769 1.038 -2.119 -1.217 -2.159 -1.249 -1.459 -0.635 -1.908 0.153 0.316 0.462
6 L -1.433 -3.472 0.522 0.193 1.268 0.16 -2.466 -0.159 -0.34 1.19 0.727 -2.152 1.076 -1.197 0.733 0.827 0.922 1.252 -0.44 0.003
7 P 0.255 0.415 0.303 -2.141 0.609 0.948 -0.431 -2.364 1.843 -0.097 -3.105 -2.658 0.045 2.085 1.65 -0.077 -0.49 2.864 0.401 0.691
8 P -0.265 -0.477 -0.875 -0.757 1.333 0.956 1.642 0.618 1.434 -4.717 -3.321 -1.766 -1.746 0.679 2.66 0.952 0.796 -0.409 0.026 -4.033
9 L -1.801 -2.344 -9.788 -10.181 -6.053 -9.148 -9.213 -9.083 -4.445 1.104 2.898 3.085 0.349 1.263 -8.821 -9.005 -5.503 -2.285 2.527 3.519