#Seq2Logo.py -f /var/www/html/services/GibbsCluster-2.0/tmp/mhcI_3591970/cores/gibbs.1of4.core -o /var/www/html/services/GibbsCluster-2.0/tmp/mhcI_3591970/logos/gibbs_logos_1of4 -I 2 -p 640x640 --format PNG -b 200 -C 2 -t Group 1 of 4
Last position-specific scoring matrix computed, values are in halfbits
A R N D C Q E G H I L K M F P S T W Y V
1 F -0.839 0.143 -2.092 -6.267 0.155 -0.423 -5.551 -1.069 -0.644 0.717 -0.265 1.023 0.283 3.709 -7.369 0.195 -1.344 2.18 3.525 -0.014
2 L -4.126 -4.783 -7.734 -8.058 -6.118 -0.145 -4.907 -7.739 -1.83 1.335 5.295 -6.903 3.585 -3.638 -9.158 -5.413 -1.333 -1.194 -1.512 -1.032
3 L -0.623 -4.624 -0.989 0.965 1.162 0.176 -3.308 -0.47 -2.002 0.951 0.873 -4.399 1.984 3.124 -2.218 0.665 -3.363 3.607 1.871 -1.278
4 E -1.437 -0.935 0.721 2.213 0.748 0.75 2.572 -0.113 1.563 -1.841 -2.193 -0.312 -1.423 -0.067 -0.203 -0.647 0.475 0.584 -2.427 -2.277
5 V 0.063 0.014 -0.022 -0.575 1.726 -0.75 0.669 -0.081 1.651 -0.219 -0.645 -0.76 0.305 2.203 -1.263 -2.032 -2.576 0.154 1.079 1.135
6 L -2.591 -4.392 0.873 -0.055 2.855 -3.207 -3.29 -2.585 -1.0 2.347 1.881 -3.581 0.783 0.391 -0.79 -1.263 1.146 0.364 -0.417 1.421
7 F 0.312 -2.594 -0.921 -1.385 0.135 1.188 -0.477 -2.158 1.209 -0.111 -0.957 -3.953 1.15 3.615 0.891 -1.94 -0.529 3.619 1.641 -0.096
8 E -1.738 -0.823 0.708 -1.668 -0.299 0.55 1.934 0.422 1.587 -2.292 -1.29 -0.788 -0.662 2.087 -1.76 0.465 0.793 0.549 1.417 -1.546
9 V -0.361 -6.887 -8.716 -8.925 -4.416 -8.357 -8.195 -7.037 -8.258 3.234 3.32 -5.929 -0.515 -2.792 -7.593 -6.721 -2.742 -2.86 -6.993 4.871