#Seq2Logo.py -f /var/www/html/services/GibbsCluster-2.0/tmp/mhcI_3591970/cores/gibbs.3of3.core -o /var/www/html/services/GibbsCluster-2.0/tmp/mhcI_3591970/logos/gibbs_logos_3of3 -I 2 -p 640x640 --format PNG -b 200 -C 2 -t Group 3 of 3
Last position-specific scoring matrix computed, values are in halfbits
A R N D C Q E G H I L K M F P S T W Y V
1 F -0.085 -0.103 -2.464 -6.478 -0.047 -0.9 -5.618 -0.835 -0.429 0.338 -0.232 0.784 0.811 3.676 -7.459 0.791 -0.777 1.857 3.264 -0.495
2 L -4.081 -4.618 -8.122 -9.136 -4.224 -0.954 -5.08 -8.543 -2.316 0.872 5.38 -7.253 4.058 -4.187 -6.881 -6.661 -2.055 -1.508 -1.466 -0.695
3 L 0.186 -4.02 -0.599 0.987 1.002 0.524 -3.62 -0.372 -1.425 0.93 0.796 -4.31 1.943 2.628 -2.888 0.817 -1.529 2.989 0.86 -1.297
4 E -1.601 -0.737 0.598 1.953 0.812 0.632 2.499 -0.146 0.788 -2.211 -2.578 -0.354 -0.719 -0.478 1.097 -0.339 0.397 2.02 -1.752 -2.894
5 A 0.734 -0.373 -0.377 -0.96 2.394 -1.135 0.6 -0.218 2.088 0.628 -0.165 -1.3 0.215 2.246 -1.62 -1.284 -2.676 -0.952 0.54 0.188
6 L -3.502 -5.473 0.61 -0.582 2.438 -2.053 -2.467 -1.811 -0.885 1.544 2.062 -3.661 0.218 0.798 0.065 -0.931 1.142 -0.672 -0.16 1.717
7 F 0.521 -1.212 -0.599 -1.562 0.467 1.328 -0.547 -2.124 0.551 -0.071 -1.698 -3.116 -0.346 3.109 1.834 -1.338 -0.7 3.253 1.577 0.027
8 E -0.962 -1.154 0.61 -1.603 -0.787 0.537 1.986 0.731 1.927 -3.475 -1.501 -1.233 -0.785 1.65 0.479 0.492 0.296 0.995 1.055 -1.981
9 V -0.449 -5.927 -9.0 -9.222 -4.349 -8.639 -8.486 -7.699 -8.512 3.03 3.251 -6.225 0.333 -1.313 -8.205 -6.761 -2.754 -2.496 -7.181 4.916