#Seq2Logo.py -f /var/www/html/services/GibbsCluster-2.0/tmp/mhcI_4027417/cores/gibbs.1of3.core -o /var/www/html/services/GibbsCluster-2.0/tmp/mhcI_4027417/logos/gibbs_logos_1of3 -I 2 -p 640x640 --format PNG -b 200 -C 2 -t Group 1 of 3
Last position-specific scoring matrix computed, values are in halfbits
A R N D C Q E G H I L K M F P S T W Y V
1 F -1.693 -2.188 -2.374 -2.764 -0.182 -1.881 -3.7 -2.449 -1.181 0.91 1.388 0.404 1.163 4.195 -5.277 -2.45 -0.515 1.609 3.405 0.372
2 L -1.646 -3.43 -4.777 -5.134 -2.402 -1.327 -4.744 -4.942 -1.703 1.138 4.245 -4.059 4.55 -0.893 -2.505 -3.765 -1.54 -3.506 0.842 0.704
3 L 0.316 -0.794 0.396 0.381 -0.147 0.737 -2.711 -0.322 -0.274 0.607 0.905 -1.636 2.32 2.435 -2.294 -0.241 -1.882 -3.563 0.346 -0.684
4 E 1.195 -1.383 0.436 0.507 -0.923 -0.077 1.946 1.269 -0.608 -0.783 -2.343 -0.967 -2.027 -0.687 1.001 -0.409 -0.784 0.107 0.531 -1.507
5 L -2.146 -1.246 -0.505 -0.853 -1.694 -0.505 -1.282 -1.119 2.703 1.26 1.001 -1.564 1.134 1.6 -4.004 0.235 0.555 0.34 2.329 -0.33
6 L 0.146 -3.911 -2.732 -2.143 1.94 -1.507 -1.098 -2.118 0.432 2.337 2.149 -3.229 1.381 1.282 0.479 -0.16 -1.373 -4.012 -2.279 0.541
7 L -0.606 -2.024 -1.615 -3.052 -2.885 -0.246 -2.792 -2.153 -1.326 -0.042 0.709 -2.45 -0.073 2.772 1.647 -1.21 -1.262 4.701 2.281 1.709
8 E 0.712 0.056 -1.196 -2.987 -0.193 -2.349 1.821 0.153 -0.313 -1.989 -1.033 -0.536 0.236 0.27 -0.378 0.456 0.892 1.845 2.456 -1.519
9 L -0.901 -2.979 -4.822 -5.128 -2.207 -4.432 -4.869 -4.862 -4.298 1.806 3.531 -1.459 -0.491 0.037 -4.295 -3.905 -0.795 -3.989 -1.896 3.851