#Seq2Logo.py -f /var/www/html/services/GibbsCluster-2.0/tmp/mhcI_4027417/cores/gibbs.3of3.core -o /var/www/html/services/GibbsCluster-2.0/tmp/mhcI_4027417/logos/gibbs_logos_3of3 -I 2 -p 640x640 --format PNG -b 200 -C 2 -t Group 3 of 3
Last position-specific scoring matrix computed, values are in halfbits
A R N D C Q E G H I L K M F P S T W Y V
1 R -0.626 3.657 -2.32 -1.63 -2.569 -0.035 0.056 -3.305 2.177 -0.177 -0.887 0.281 1.475 1.658 -2.938 -2.03 -1.093 -2.231 2.532 -0.796
2 P -1.502 -2.768 -2.533 -0.685 -2.039 -1.347 0.977 -2.651 0.338 0.089 0.483 -2.377 0.964 0.374 2.522 -0.753 1.587 0.665 1.227 0.825
3 I -1.752 -1.727 -1.288 1.882 1.057 -1.152 -1.792 -2.161 1.417 2.112 0.322 -1.611 1.046 1.686 -4.201 -0.446 -2.013 -2.069 3.264 0.336
4 H -1.163 0.101 -1.226 -1.789 3.215 0.961 0.376 -0.79 3.872 -0.8 -2.311 -0.019 -1.279 -1.178 -0.93 0.113 0.929 -2.532 2.619 -0.292
5 L -0.672 0.218 -2.1 -0.684 3.551 -2.863 -2.131 -1.685 1.909 1.671 1.155 -1.631 -0.105 -1.187 2.058 -1.29 -0.462 -0.718 0.708 -0.039
6 L -2.094 0.378 -0.166 -1.392 0.349 0.709 -1.978 -0.726 -1.968 1.933 2.119 -0.382 0.228 1.566 -4.301 -1.228 -2.533 -2.497 1.666 -0.091
7 S -1.22 -0.633 -0.356 0.253 -2.156 -0.765 0.316 -2.991 2.378 0.865 -0.559 -0.747 1.206 0.207 0.156 0.61 0.665 -2.635 2.068 -0.13
8 L -0.512 -1.578 -1.308 -1.124 1.782 -0.348 -1.55 -1.451 -0.966 1.048 1.274 -1.426 0.006 0.886 -2.067 1.63 0.252 -3.053 -0.234 0.927
9 L -1.58 -3.347 -3.869 -4.369 0.37 -3.62 -4.096 -4.058 -0.638 1.213 1.939 -2.41 3.0 4.289 -4.813 -3.742 -2.004 1.344 4.484 -0.063